/home/watsonc/capuchin/test/initial
[[[[  1.57026062e-03   1.57026062e-03   1.15396886e-03 ...,
      4.04864375e-04   1.48182575e-04   1.62055458e-05]
   [  3.43149906e-04   1.85742087e-04   3.47377383e-04 ...,
      9.95951006e-04   2.34783348e-03   2.34783348e-03]
   [  8.71416472e-04   2.30681457e-04   3.47377383e-04 ...,
      2.61358311e-03   4.33231751e-03   1.39966048e-02]
   ..., 
   [  1.76192622e-03   3.62446974e-03   3.62446974e-03 ...,
      3.95475933e-03   4.19192575e-02   7.07633942e-02]
   [  4.37163934e-03   8.64078104e-03   8.96156952e-03 ...,
      2.47108359e-02   6.82463348e-02   7.07633942e-02]
   [  5.49423061e-02   2.91185770e-02   2.91185770e-02 ...,
      3.70775163e-02   6.82463348e-02   6.82463348e-02]]

  [[  1.43537356e-03   1.43537356e-03   9.35974938e-04 ...,
      5.32594509e-04   2.22717514e-04   2.22717514e-04]
   [  3.03007429e-04   2.66443851e-04   5.12185565e-04 ...,
      5.32594509e-04   7.48161576e-04   8.98095313e-04]
   [  5.63200214e-04   2.69597891e-04   4.98684880e-04 ...,
      7.08438340e-04   4.19576745e-03   2.33722534e-02]
   ..., 
   [  2.79400521e-03   4.03392222e-03   4.03392222e-03 ...,
      2.74101947e-03   1.73700862e-02   2.48757713e-02]
   [  6.29561860e-03   1.54920034e-02   1.54920034e-02 ...,
      1.49106868e-02   2.74214577e-02   3.45440656e-02]
   [  5.13519906e-02   3.22161764e-02   3.22161764e-02 ...,
      1.49106868e-02   2.74214577e-02   3.45440656e-02]]

  [[  1.15579308e-03   1.08695740e-03   8.23396957e-04 ...,
      5.16318658e-04   2.22718183e-04   2.22718183e-04]
   [  5.26338350e-04   2.69605429e-04   5.12184401e-04 ...,
      7.25165533e-04   7.85506447e-04   7.85506447e-04]
   [  5.81818516e-04   2.66442192e-04   5.12184401e-04 ...,
      7.25165533e-04   3.98816261e-03   1.23226363e-02]
   ..., 
   [  2.31076404e-03   2.31787143e-03   2.31787143e-03 ...,
      2.84386030e-03   5.00524323e-03   1.55631667e-02]
   [  3.81187885e-03   1.49877751e-02   1.49877751e-02 ...,
      4.44200309e-03   7.59662641e-03   1.97285395e-02]
   [  5.11121266e-02   2.45517045e-02   2.45517045e-02 ...,
      4.68847109e-03   7.59662641e-03   1.97285395e-02]]

  [[  1.78966625e-03   1.06900849e-03   1.04023761e-03 ...,
      3.91454436e-04   2.25545911e-04   1.63895857e-05]
   [  1.66126250e-04   2.35425003e-04   3.47376190e-04 ...,
      9.18847974e-04   2.01999838e-03   2.01999838e-03]
   [  1.02682796e-03   2.32365433e-04   3.30254668e-04 ...,
      1.46530883e-03   6.04660762e-03   8.39295238e-03]
   ..., 
   [  1.37214607e-03   2.08773487e-03   2.08773487e-03 ...,
      2.80302670e-03   1.00122113e-02   2.74760146e-02]
   [  7.23067019e-03   9.88972094e-03   9.88972094e-03 ...,
      6.72347099e-03   1.20371496e-02   2.74760146e-02]
   [  2.78040972e-02   2.89860815e-02   2.89860815e-02 ...,
      1.71570275e-02   1.71570275e-02   1.77994221e-02]]]


 [[[  4.70562242e-02   3.40175480e-02   1.06843691e-02 ...,
      4.35514636e-02   6.43973574e-02   6.43973574e-02]
   [  4.70562242e-02   3.40175480e-02   2.48821378e-02 ...,
      4.50609848e-02   6.10247441e-02   6.10247441e-02]
   [  7.05719292e-02   5.00783883e-02   2.48821378e-02 ...,
      4.60304096e-02   6.92243576e-02   6.92243576e-02]
   ..., 
   [  7.31351897e-02   7.31351897e-02   3.93451303e-02 ...,
      3.75060737e-02   7.39785284e-02   7.39785284e-02]
   [  8.58148113e-02   7.51327649e-02   3.95610109e-02 ...,
      2.72589028e-02   2.72589028e-02   4.05051075e-02]
   [  8.58148113e-02   7.51327649e-02   4.56655398e-02 ...,
      1.42697543e-02   1.58700887e-02   1.58700887e-02]]

  [[  4.62310426e-02   2.25175694e-02   9.49192699e-03 ...,
      1.48997670e-02   5.10222986e-02   5.10222986e-02]
   [  9.10386443e-02   4.23321947e-02   1.99257359e-02 ...,
      5.11524640e-02   5.43693006e-02   5.43693006e-02]
   [  9.10386443e-02   5.16819395e-02   1.99257359e-02 ...,
      5.11524640e-02   5.72402738e-02   5.72402738e-02]
   ..., 
   [  5.39948083e-02   5.39948083e-02   2.88174879e-02 ...,
      4.21060920e-02   5.47411516e-02   5.47411516e-02]
   [  5.15774488e-02   5.08007556e-02   3.05942055e-02 ...,
      2.70681493e-02   3.12041808e-02   5.46665676e-02]
   [  5.15774488e-02   5.08007556e-02   3.05942055e-02 ...,
      2.70681493e-02   2.09316444e-02   2.33321209e-02]]

  [[  2.27048229e-02   2.23428924e-02   1.98562797e-02 ...,
      1.09670842e-02   3.33500877e-02   3.46146785e-02]
   [  5.22021651e-02   4.51584123e-02   4.51584123e-02 ...,
      2.31637508e-02   3.54722403e-02   3.54722403e-02]
   [  6.07973896e-02   5.91408759e-02   4.51584123e-02 ...,
      2.31637508e-02   3.57831791e-02   3.57831791e-02]
   ..., 
   [  6.95684478e-02   5.91408759e-02   3.97701375e-02 ...,
      3.60747948e-02   5.74068241e-02   5.74068241e-02]
   [  7.40870759e-02   7.40870759e-02   3.97701375e-02 ...,
      3.60747948e-02   4.26257774e-02   4.26257774e-02]
   [  7.40870759e-02   7.40870759e-02   2.61099413e-02 ...,
      3.09848674e-02   3.67886461e-02   5.76169789e-02]]

  [[  6.00100122e-02   5.75121902e-02   2.60661095e-02 ...,
      2.87856031e-02   2.87856031e-02   4.20126952e-02]
   [  5.75121902e-02   5.75121902e-02   2.90128998e-02 ...,
      4.59505208e-02   6.05356880e-02   6.05356880e-02]
   [  7.59023428e-02   4.39930893e-02   2.90128998e-02 ...,
      4.59505208e-02   6.05356880e-02   6.05356880e-02]
   ..., 
   [  8.41382816e-02   4.39930893e-02   3.09360363e-02 ...,
      4.51696254e-02   6.59485757e-02   6.59485757e-02]
   [  6.01683259e-02   4.94672284e-02   3.09360363e-02 ...,
      4.51696254e-02   3.61816585e-02   4.26523536e-02]
   [  6.15772419e-02   6.15772419e-02   1.75972488e-02 ...,
      2.85396688e-02   2.22501662e-02   2.77536381e-02]]]


 [[[  1.05152307e-02   5.78754488e-03   5.87746780e-03 ...,
      1.32721066e-01   1.32721066e-01   1.27245784e-01]
   [  6.74948655e-03   5.78754488e-03   5.87746780e-03 ...,
      1.32721066e-01   1.32721066e-01   1.27245784e-01]
   [  6.38147723e-03   5.87636884e-03   8.92900955e-03 ...,
      1.32271543e-01   1.32271543e-01   9.55198705e-02]
   ..., 
   [  6.02735765e-03   1.76083297e-02   1.76083297e-02 ...,
      5.65219373e-02   5.65219373e-02   3.70130539e-02]
   [  7.74297025e-03   1.76083297e-02   2.17227917e-02 ...,
      2.17097942e-02   2.17097942e-02   3.14210802e-02]
   [  1.41980890e-02   1.83884781e-02   2.17227917e-02 ...,
      2.17097942e-02   2.17097942e-02   1.01783406e-02]]

  [[  5.32594603e-03   4.36525419e-03   1.15334764e-02 ...,
      4.77980673e-02   4.77980673e-02   3.80157046e-02]
   [  3.06256884e-03   3.70165659e-03   4.45964560e-03 ...,
      1.56178745e-02   1.56178745e-02   1.52795445e-02]
   [  5.99113153e-03   8.07527918e-03   8.07527918e-03 ...,
      4.93338518e-02   5.71987331e-02   5.71987331e-02]
   ..., 
   [  8.01786501e-03   4.39250320e-02   4.53797653e-02 ...,
      5.46006262e-02   5.46006262e-02   4.97593395e-02]
   [  5.50491363e-02   5.50491363e-02   5.83468676e-02 ...,
      4.61790673e-02   2.68243551e-02   2.03082915e-02]
   [  5.50491363e-02   5.50491363e-02   5.83468676e-02 ...,
      4.61790673e-02   1.58739816e-02   1.17756231e-02]]

  [[  3.04755615e-03   2.28480808e-02   1.03231385e-01 ...,
      1.03231385e-01   4.59768251e-02   2.70909704e-02]
   [  5.04168915e-03   3.04755615e-03   4.95696394e-03 ...,
      6.34349883e-03   1.28663257e-02   1.89061463e-02]
   [  5.04168915e-03   3.97787802e-03   3.97787802e-03 ...,
      6.41900674e-03   1.77916642e-02   3.92711125e-02]
   ..., 
   [  3.29311844e-03   5.41328220e-03   7.36726262e-03 ...,
      1.39196385e-02   1.49908150e-02   4.71508652e-02]
   [  4.78906184e-03   9.38409567e-03   1.34430164e-02 ...,
      1.35793891e-02   1.40559934e-02   1.40559934e-02]
   [  1.12266634e-02   1.13025066e-02   1.34430164e-02 ...,
      1.19257830e-02   9.11172200e-03   1.08922347e-02]]

  [[  4.76161949e-03   4.76161949e-03   4.72945208e-03 ...,
      2.94361617e-02   3.48236412e-02   3.63999791e-02]
   [  4.76161949e-03   4.76161949e-03   3.23427469e-03 ...,
      1.02832094e-02   1.61676444e-02   2.24811006e-02]
   [  4.76161949e-03   4.90534771e-03   5.03342133e-03 ...,
      3.09974570e-02   2.95911729e-02   4.78840694e-02]
   ..., 
   [  8.21758155e-03   4.98198904e-03   5.53630712e-03 ...,
      5.39581105e-02   5.39581105e-02   4.78840694e-02]
   [  8.21758155e-03   1.25227030e-02   1.25227030e-02 ...,
      5.39581105e-02   5.39581105e-02   4.01636548e-02]
   [  1.02246189e-02   1.25227030e-02   1.25227030e-02 ...,
      5.39581105e-02   5.39581105e-02   4.01636548e-02]]]


 ..., 
 [[[  2.01469585e-02   6.41677715e-03   6.54802052e-03 ...,
      3.32319923e-02   5.84806278e-02   5.84806278e-02]
   [  3.18686068e-02   7.30726728e-03   7.30726728e-03 ...,
      3.32319923e-02   5.84806278e-02   5.84806278e-02]
   [  3.18686068e-02   1.75475441e-02   2.13128068e-02 ...,
      4.62297499e-02   2.23859083e-02   2.23859083e-02]
   ..., 
   [  5.91872483e-02   2.66809072e-02   4.73819636e-02 ...,
      9.91090015e-02   9.91090015e-02   9.91090015e-02]
   [  5.91872483e-02   2.23364942e-02   2.23364942e-02 ...,
      9.91090015e-02   9.91090015e-02   9.91090015e-02]
   [  1.81530826e-02   1.65199265e-02   3.91116291e-02 ...,
      2.63214167e-02   2.63214167e-02   2.39950716e-02]]

  [[  4.65387441e-02   1.08418437e-02   1.11441780e-02 ...,
      4.68062982e-02   6.77968189e-02   6.77968189e-02]
   [  8.23566094e-02   2.04574894e-02   1.11441780e-02 ...,
      4.85546105e-02   6.77968189e-02   6.77968189e-02]
   [  8.23566094e-02   2.04574894e-02   6.29919097e-02 ...,
      1.20423377e-01   6.77968189e-02   6.77968189e-02]
   ..., 
   [  2.61715855e-02   6.62522689e-02   1.00571431e-01 ...,
      1.20423377e-01   5.70877641e-02   5.38585931e-02]
   [  2.25679800e-02   6.14109300e-02   6.14109300e-02 ...,
      4.12046500e-02   4.12046500e-02   3.54429707e-02]
   [  4.04424630e-02   2.45003998e-02   2.71509066e-02 ...,
      4.04792354e-02   4.04792354e-02   3.54429707e-02]]

  [[  2.99397465e-02   1.68589838e-02   8.02544039e-03 ...,
      3.77828702e-02   3.77828702e-02   3.12809870e-02]
   [  4.12746184e-02   1.88018437e-02   8.63322802e-03 ...,
      3.77828702e-02   3.77828702e-02   3.12809870e-02]
   [  7.74949193e-02   4.42460701e-02   4.42460701e-02 ...,
      2.44155396e-02   2.50027273e-02   2.50027273e-02]
   ..., 
   [  1.06315516e-01   4.54691350e-02   4.54691350e-02 ...,
      3.57593782e-02   1.14019528e-01   1.14019528e-01]
   [  3.59244458e-02   3.35434191e-02   2.31321715e-02 ...,
      3.57593782e-02   7.07784742e-02   7.07784742e-02]
   [  3.09175681e-02   2.32711639e-02   2.32711639e-02 ...,
      3.57593782e-02   3.57593782e-02   3.44232470e-02]]

  [[  1.46403164e-02   9.09885671e-03   4.53941012e-03 ...,
      4.99111414e-02   4.99111414e-02   4.35749851e-02]
   [  2.66129337e-02   1.43554984e-02   5.66974748e-03 ...,
      4.99111414e-02   4.99111414e-02   4.35749851e-02]
   [  2.71923579e-02   6.89144731e-02   6.89144731e-02 ...,
      3.21529768e-02   3.21529768e-02   3.21529768e-02]
   ..., 
   [  8.80963057e-02   7.65667632e-02   7.27467164e-02 ...,
      5.13686277e-02   5.13686277e-02   5.23527488e-02]
   [  8.80963057e-02   7.65667632e-02   2.87680682e-02 ...,
      5.13686277e-02   5.13686277e-02   5.23527488e-02]
   [  2.05864497e-02   2.09122840e-02   3.72672416e-02 ...,
      3.09382789e-02   3.09382789e-02   2.88975481e-02]]]


 [[[  1.67039433e-03   6.52274210e-03   4.31465358e-02 ...,
      3.33063938e-02   3.14092524e-02   3.14092524e-02]
   [  3.84364207e-03   6.61948370e-03   4.31465358e-02 ...,
      3.33063938e-02   6.03834726e-02   6.03834726e-02]
   [  3.84364207e-03   1.08690476e-02   2.74515301e-02 ...,
      3.03031839e-02   6.03834726e-02   6.03834726e-02]
   ..., 
   [  1.17226681e-02   1.17226681e-02   3.47478464e-02 ...,
      4.41594347e-02   3.76432426e-02   2.68794168e-02]
   [  1.17226681e-02   1.17226681e-02   3.47478464e-02 ...,
      4.41594347e-02   3.76432426e-02   7.65337190e-03]
   [  4.73331474e-03   5.20576490e-03   2.55632289e-02 ...,
      3.76432426e-02   3.76432426e-02   7.23086903e-03]]

  [[  2.33940897e-03   4.30996763e-03   1.16708325e-02 ...,
      1.68535560e-02   2.57476456e-02   2.57476456e-02]
   [  5.24987886e-03   6.56804163e-03   1.07912235e-02 ...,
      3.89742739e-02   3.05036996e-02   2.57476456e-02]
   [  5.24987886e-03   1.02015845e-02   2.37590335e-02 ...,
      3.89742739e-02   3.05036996e-02   2.15321761e-02]
   ..., 
   [  8.39082617e-03   1.43100433e-02   1.55567452e-02 ...,
      4.47357595e-02   4.47357595e-02   3.73089947e-02]
   [  8.39082617e-03   8.39082617e-03   1.28115825e-02 ...,
      4.47357595e-02   4.47357595e-02   1.93682667e-02]
   [  4.46643773e-03   9.74459387e-03   1.43673504e-02 ...,
      4.47357595e-02   4.47357595e-02   1.09339450e-02]]

  [[  2.19449308e-03   5.32590598e-03   1.81026570e-02 ...,
      1.93802379e-02   3.50376219e-02   3.50376219e-02]
   [  1.03145465e-02   1.62431244e-02   1.82066206e-02 ...,
      3.35992649e-02   3.50376219e-02   3.50376219e-02]
   [  1.03145465e-02   1.62431244e-02   1.92317646e-02 ...,
      3.35992649e-02   3.07845660e-02   3.07845660e-02]
   ..., 
   [  1.10814953e-02   2.10941434e-02   3.74584161e-02 ...,
      3.23748179e-02   3.23748179e-02   2.23844461e-02]
   [  1.10814953e-02   2.10941434e-02   2.97877342e-02 ...,
      3.23748179e-02   3.23748179e-02   1.96313579e-02]
   [  9.97387897e-03   1.72122084e-02   1.89623628e-02 ...,
      3.04172412e-02   3.04172412e-02   1.06928106e-02]]

  [[  1.66949909e-03   3.93937901e-03   2.02233437e-02 ...,
      1.91409066e-02   4.40133326e-02   4.40133326e-02]
   [  3.13425111e-03   1.52143231e-02   2.01802161e-02 ...,
      1.91409066e-02   4.40133326e-02   4.40133326e-02]
   [  4.53700544e-03   2.15944629e-02   3.16498019e-02 ...,
      8.29800591e-02   4.25613038e-02   4.25613038e-02]
   ..., 
   [  8.87159631e-03   1.11726746e-02   4.43573110e-02 ...,
      9.42069590e-02   7.74460733e-02   2.60603298e-02]
   [  8.87159631e-03   1.11726746e-02   4.43573110e-02 ...,
      7.74460733e-02   7.74460733e-02   9.61525179e-03]
   [  4.58049122e-03   4.58049122e-03   2.19109524e-02 ...,
      2.71182749e-02   2.38044094e-02   9.61525179e-03]]]


 [[[  4.76377504e-03   4.76377504e-03   4.55945730e-02 ...,
      5.99818006e-02   1.73857156e-02   6.19079359e-03]
   [  2.62037553e-02   1.07327970e-02   1.30050937e-02 ...,
      2.76126470e-02   1.73857156e-02   7.29225762e-03]
   [  2.62037553e-02   1.08434455e-02   1.64941829e-02 ...,
      6.11031502e-02   3.34837027e-02   1.35573586e-02]
   ..., 
   [  9.45853908e-03   1.08434455e-02   1.46595482e-02 ...,
      3.05857919e-02   2.70449743e-02   1.51963281e-02]
   [  9.60408337e-03   6.10579699e-02   6.10579699e-02 ...,
      5.90727031e-02   8.89726207e-02   8.89726207e-02]
   [  2.87132841e-02   9.61471871e-02   9.61471871e-02 ...,
      6.49995655e-02   9.24574807e-02   9.24574807e-02]]

  [[  2.58954335e-02   2.58954335e-02   2.91347615e-02 ...,
      3.94219421e-02   2.81190481e-02   3.48393470e-02]
   [  3.44223268e-02   2.58954335e-02   2.91347615e-02 ...,
      2.96949372e-02   2.81190481e-02   3.48393470e-02]
   [  3.44223268e-02   2.62474976e-02   3.94917987e-02 ...,
      2.83736270e-02   2.92030051e-02   2.92030051e-02]
   ..., 
   [  2.39706803e-02   2.39706803e-02   4.06265445e-02 ...,
      4.07909937e-02   3.74393202e-02   3.74393202e-02]
   [  1.68190170e-02   1.71819516e-02   3.97371538e-02 ...,
      3.05317640e-02   3.74478996e-02   4.05827425e-02]
   [  1.68190170e-02   3.69353928e-02   3.97371538e-02 ...,
      3.68367843e-02   3.74478996e-02   4.05827425e-02]]

  [[  1.55525738e-02   1.75215788e-02   2.91642398e-02 ...,
      3.14038359e-02   3.14038359e-02   1.92829054e-02]
   [  2.91465335e-02   2.45204251e-02   2.17430536e-02 ...,
      2.24148743e-02   2.24148743e-02   1.92829054e-02]
   [  2.91465335e-02   2.45204251e-02   1.64100770e-02 ...,
      2.98998300e-02   2.98998300e-02   3.56848054e-02]
   ..., 
   [  2.60920078e-02   2.60920078e-02   2.60920078e-02 ...,
      2.98998300e-02   3.17425579e-02   4.75591123e-02]
   [  2.60920078e-02   5.66675365e-02   5.66675365e-02 ...,
      3.31273414e-02   2.38682758e-02   4.28861417e-02]
   [  2.14203894e-02   5.66675365e-02   7.65192062e-02 ...,
      4.65522930e-02   2.38682758e-02   4.28861417e-02]]

  [[  8.58621020e-03   9.83453356e-03   6.17682934e-02 ...,
      7.24262521e-02   1.87444258e-02   1.26644373e-02]
   [  2.25989372e-02   1.16951680e-02   6.17682934e-02 ...,
      7.24262521e-02   3.30252014e-02   1.26644373e-02]
   [  2.25989372e-02   1.31396092e-02   1.55877061e-02 ...,
      6.77302405e-02   4.12211493e-02   2.53775883e-02]
   ..., 
   [  1.47594763e-02   1.47594763e-02   1.60611346e-02 ...,
      2.78727114e-02   2.78727114e-02   2.54192986e-02]
   [  1.17451614e-02   2.42882445e-02   2.42882445e-02 ...,
      2.76492331e-02   2.66387146e-02   2.98510231e-02]
   [  1.81478672e-02   4.81597893e-02   4.81597893e-02 ...,
      3.88561897e-02   3.07220314e-02   3.07220314e-02]]]]
['distractors' 'distractors' 'distractors' 'targets' 'targets' 'targets']
/home/watsonc/capuchin/test/sorted
NP: <type 'numpy.ndarray'>
OLD: <type 'numpy.ndarray'>
NOW: <type 'list'>
Done.
[array([[[ 0.04711885,  0.04711885,  0.07646088,  0.07571177,  0.05704151,
          0.05113667,  0.04088239],
        [ 0.04589174,  0.04573433,  0.06350414,  0.06356163,  0.04866132,
          0.05352255,  0.05352255],
        [ 0.03248335,  0.03248661,  0.03260331,  0.03119221,  0.06725198,
          0.06897072,  0.07396136],
        [ 0.03546481,  0.03501305,  0.03341219,  0.03342109,  0.06725198,
          0.07740641,  0.10146547],
        [ 0.03585528,  0.03771782,  0.0499333 ,  0.0490842 ,  0.06859316,
          0.10655765,  0.12648717],
        [ 0.03274269,  0.03629699,  0.0552704 ,  0.0552704 ,  0.06400415,
          0.10753964,  0.1015968 ],
        [ 0.08626765,  0.06907275,  0.07048254,  0.06650604,  0.06303413,
          0.09420295,  0.09692252]],

       [[ 0.04890048,  0.04890048,  0.04869008,  0.08426348,  0.08426348,
          0.04395984,  0.03932684],
        [ 0.04776811,  0.04773155,  0.04525635,  0.07842021,  0.07842021,
          0.04331693,  0.08624859],
        [ 0.03118616,  0.03839771,  0.05552017,  0.07052116,  0.07071328,
          0.07304068,  0.10872275],
        [ 0.04059774,  0.03872997,  0.0556143 ,  0.07059775,  0.07186546,
          0.07806323,  0.08146414],
        [ 0.04181695,  0.04329427,  0.04329427,  0.07261779,  0.09179626,
          0.10642533,  0.09814818],
        [ 0.04433005,  0.05475235,  0.05475235,  0.06841163,  0.10396594,
          0.11647671,  0.10781647],
        [ 0.10856107,  0.08171576,  0.06423412,  0.05954631,  0.08814409,
          0.10065486,  0.08423154]],

       [[ 0.04888932,  0.04882048,  0.06614472,  0.06583764,  0.06583764,
          0.07016016,  0.07016016],
        [ 0.04825986,  0.04800313,  0.06583351,  0.06585392,  0.06604649,
          0.06173711,  0.06173711],
        [ 0.04915428,  0.04894664,  0.04919238,  0.03621563,  0.04346303,
          0.05229414,  0.06997466],
        [ 0.05005063,  0.04928695,  0.04927311,  0.03469926,  0.03988303,
          0.04387374,  0.06997466],
        [ 0.04916533,  0.03435543,  0.04217514,  0.04214192,  0.04270113,
          0.05040051,  0.07321519],
        [ 0.05863583,  0.05542948,  0.05490394,  0.04699458,  0.0447526 ,
          0.05299189,  0.0651238 ],
        [ 0.10593608,  0.06499341,  0.06446788,  0.0597528 ,  0.04499907,
          0.04790723,  0.05695546]],

       [[ 0.0400939 ,  0.05166854,  0.0754076 ,  0.07475882,  0.05878905,
          0.0543628 ,  0.04355783],
        [ 0.05388699,  0.03497475,  0.0536306 ,  0.05368809,  0.0550561 ,
          0.06180903,  0.0660879 ],
        [ 0.05474769,  0.02705488,  0.03572538,  0.0398286 ,  0.04474018,
          0.06583563,  0.07246085],
        [ 0.03587553,  0.03555214,  0.03644388,  0.0435498 ,  0.05082851,
          0.05580684,  0.080331  ],
        [ 0.03587553,  0.03659112,  0.04560836,  0.04533657,  0.05082851,
          0.0580377 ,  0.06568747],
        [ 0.03941657,  0.04291869,  0.05341035,  0.04681845,  0.03811948,
          0.04871584,  0.06415471],
        [ 0.05999   ,  0.05908121,  0.07250671,  0.07250671,  0.04833253,
          0.04833253,  0.06054019]]], dtype=float32)]
